a
-0.5342485308647156
0.514162540435791
-0.275448203086853
-0.6414275765419006
1.7013804912567139
-0.7359778881072998
-1.2198749780654907
0.5980523824691772
-0.12655802071094513
a
-0.5763216614723206
0.3956966698169708
-0.6049339175224304
-0.6915209293365479
1.7637897729873657
-0.7684558033943176
-1.2872298955917358
0.49688979983329773
-0.2598874270915985
a
-0.5127847790718079
0.2327890545129776
-0.80270916223526
-0.7010334730148315
1.8109322786331177
-0.8382759690284729
-1.3671268224716187
0.40692469477653503
-0.4047730565071106
a
-0.45274075865745544
0.0895475223660469
-0.9188218116760254
-0.7070229649543762
1.8407268524169922
-0.8846880793571472
-1.421158790588379
0.3287549912929535
-0.5132117867469788
a
-0.4164992570877075
-0.020398275926709175
-0.9695586562156677
-0.7185190916061401
1.8597640991210938
-0.9098626375198364
-1.4497908353805542
0.2538405954837799
-0.5910750031471252
a
-0.3904094099998474
-0.10132545232772827
-0.9966016411781311
-0.727817177772522
1.8727798461914062
-0.9245145916938782
-1.4695574045181274
0.19700753688812256
-0.6426675915718079
a
-0.37154293060302734
-0.15927493572235107
-1.0114316940307617
-0.7350404858589172
1.8816694021224976
-0.9328925609588623
-1.4834675788879395
0.1567307412624359
-0.6756435036659241
a
-0.3583343029022217
-0.199314147233963
-1.0194684267044067
-0.7403365969657898
1.887585997581482
-0.9374774098396301
-1.4928288459777832
0.12975487112998962
-0.6959275007247925
a
-0.34950053691864014
-0.22523464262485504
-1.023882269859314
-0.7436731457710266
1.8912365436553955
-0.9397273063659668
-1.4984714984893799
0.11356044560670853
-0.7073289155960083
a
-0.34416714310646057
-0.23952284455299377
-1.0264179706573486
-0.7450031638145447
1.8930213451385498
-0.9403817653656006
-1.5008656978607178
0.10650710016489029
-0.7120033502578735
a
-0.3418736755847931
-0.2435227334499359
-1.02780282497406
-0.7442982196807861
1.8931159973144531
-0.9396591186523438
-1.5001932382583618
0.10775270313024521
-0.7108399868011475
a
-0.3425597846508026
-0.23757602274417877
-1.027901291847229
-0.7415595650672913
1.8915021419525146
-0.93732750415802
-1.4963723421096802
0.1171632707118988
-0.7036449313163757
a
-0.3465658724308014
-0.22108183801174164
-1.0256705284118652
-0.7368483543395996
1.8879555463790894
-0.9326539039611816
-1.489033818244934
0.135279580950737
-0.6891010999679565
a
-0.35465487837791443
-0.19247418642044067
-1.0189160108566284
-0.730360746383667
1.8819825649261475
-0.924227774143219
-1.4774409532546997
0.16334669291973114
-0.6645045876502991
a
-0.36804237961769104
-0.14914745092391968
-1.003797173500061
-0.7225809693336487
1.872682809829712
-0.9096701741218567
-1.460332989692688
0.2033674120903015
-0.6253174543380737
a
-0.3886628746986389
-0.08688775449991226
-0.9737278819084167
-0.7144100666046143
1.8582954406738281
-0.8853172063827515
-1.4356240034103394
0.25867506861686707
-0.5645759105682373
a
-0.41863885521888733
-0.0011800546199083328
-0.9184205532073975
-0.7077004909515381
1.8364219665527344
-0.8462417125701904
-1.4005273580551147
0.3312678635120392
-0.4739239811897278
a
-0.4616447687149048
0.11462070047855377
-0.8212677240371704
-0.7023941874504089
1.8040062189102173
-0.7872231602668762
-1.352531909942627
0.42112329602241516
-0.34544581174850464
a
-0.5144051909446716
0.261260062456131
-0.6625524759292603
-0.6958629488945007
1.7557804584503174
-0.7062556743621826
-1.2871901988983154
0.5279390215873718
-0.17735107243061066
a
-0.5680171847343445
0.4333055913448334
-0.42178964614868164
-0.6750953197479248
1.688584804534912
-0.6107027530670166
-1.2047979831695557
0.6404560208320618
0.013997112400829792
a
-0.6084375977516174
0.6121629476547241
-0.09475602209568024
-0.6149279475212097
1.6060817241668701
-0.515748918056488
-1.1137455701828003
0.7406125664710999
0.19925273954868317
a
-0.6303187012672424
0.7711508870124817
0.2815741300582886
-0.5049925446510315
1.5185174942016602
-0.43287527561187744
-1.0274053812026978
0.8180398941040039
0.3585057258605957
a
-0.5828472375869751
0.8677346110343933
0.6752098202705383
-0.38668352365493774
1.4309574365615845
-0.410211443901062
-0.9574463963508606
0.8692505359649658
0.45397594571113586
a
-0.6388298869132996
0.9959174394607544
0.8907778859138489
-0.31587421894073486
1.3419017791748047
-0.3456711173057556
-0.8738693594932556
0.9251719117164612
0.5692747831344604
a
-0.6919537782669067
1.0960301160812378
1.0149348974227905
-0.2732923924922943
1.2620136737823486
-0.3005336821079254
-0.8058969378471375
0.9755838513374329
0.6558417081832886
a
-0.7236546874046326
1.166189193725586
1.0695964097976685
-0.24146060645580292
1.196699857711792
-0.2752830684185028
-0.7657785415649414
1.0258617401123047
0.7198781371116638
a
-0.7471300959587097
1.2141517400741577
1.0991681814193726
-0.22146233916282654
1.1441442966461182
-0.2603714168071747
-0.7352302670478821
1.0640727281570435
0.762951135635376
a
-0.7643581032752991
1.2461594343185425
1.116159200668335
-0.20840959250926971
1.1051558256149292
-0.25194770097732544
-0.7121068835258484
1.091206669807434
0.7907555103302002
a
-0.775248646736145
1.2652848958969116
1.1257588863372803
-0.19935645163059235
1.0794248580932617
-0.24708200991153717
-0.6962543725967407
1.1098580360412598
0.8085886240005493
a
-0.7810445427894592
1.2745190858840942
1.1311709880828857
-0.1932661086320877
1.0663135051727295
-0.2443423867225647
-0.6871054768562317
1.1217402219772339
0.8194063901901245
a
-0.7843117713928223
1.2768971920013428
1.1351227760314941
-0.1901250183582306
1.0655288696289062
-0.24344660341739655
-0.6838390827178955
1.1274162530899048
0.8241246342658997
a
-0.7859067320823669
1.274419903755188
1.1383050680160522
-0.1899351179599762
1.0740537643432617
-0.24361015856266022
-0.6860779523849487
1.1266825199127197
0.8235015869140625
a
-0.7862399220466614
1.2684839963912964
1.1405153274536133
-0.1928565502166748
1.0892126560211182
-0.24455974996089935
-0.6936191916465759
1.1189072132110596
0.8174831867218018
a
-0.784433126449585
1.2552192211151123
1.1416534185409546
-0.19815193116664886
1.117634654045105
-0.2476256787776947
-0.707945704460144
1.1046717166900635
0.8048890829086304
a
-0.7800000905990601
1.233035683631897
1.139888882637024
-0.20577341318130493
1.1601775884628296
-0.254109263420105
-0.7300813794136047
1.0827044248580933
0.7833579182624817
a
-0.772404670715332
1.1996079683303833
1.1318552494049072
-0.2156970053911209
1.2177214622497559
-0.26642829179763794
-0.7615090608596802
1.0511019229888916
0.7488341927528381
a
-0.7607390880584717
1.1512095928192139
1.1114364862442017
-0.22825504839420319
1.2904852628707886
-0.28817063570022583
-0.804502546787262
1.0072294473648071
0.6952660083770752
a
-0.7443154454231262
1.08304762840271
1.0677590370178223
-0.24508129060268402
1.376969575881958
-0.32413965463638306
-0.8616689443588257
0.9483616352081299
0.6148097515106201
a
-0.7236800789833069
0.9903766512870789
0.9816673994064331
-0.2716139853000641
1.4725072383880615
-0.3791932463645935
-0.9346092343330383
0.8736760020256042
0.5001707077026367
a
-0.7021849155426025
0.8716089129447937
0.8222593665122986
-0.32056862115859985
1.5685175657272339
-0.4552650451660156
-1.0211482048034668
0.787986159324646
0.35043829679489136
a
-0.685226559638977
0.7320094704627991
0.5560377240180969
-0.40710484981536865
1.6549551486968994
-0.547785222530365
-1.1134297847747803
0.7025497555732727
0.17674866318702698
a
-0.6723659038543701
0.5814579725265503
0.194607675075531
-0.5221885442733765
1.7261579036712646
-0.6458047032356262
-1.201793909072876
0.6234188079833984
-0.003129713237285614
a
-0.6581155061721802
0.4317086338996887
-0.17504164576530457
-0.6231567859649658
1.781837821006775
-0.7332163453102112
-1.2795979976654053
0.5435419082641602
-0.17235468327999115
a
-0.6785982251167297
0.32810208201408386
-0.5016747713088989
-0.65879315