9
8
3
w
0.2026183009147644
0.452883243560791
-0.18952792882919312
-0.07300550490617752
-0.07124695926904678
0.026853719726204872
-0.401788592338562
-0.040154509246349335
0.008392891846597195
0.735180675983429
-0.3644699156284332
0.16957330703735352
-0.6119241118431091
-0.006450039800256491
0.10864263027906418
0.05646057799458504
-0.06839216500520706
0.3011356294155121
-0.20057445764541626
0.422473281621933
0.5274716019630432
0.03974686935544014
0.39881038665771484
-0.34680917859077454
0.7188166975975037
-0.12314514070749283
-0.4113103151321411
0.46469369530677795
0.3305725157260895
-0.22654031217098236
-0.19847933948040009
0.4404143989086151
-0.31644248962402344
-0.14940780401229858
0.3959963023662567
0.4449344575405121
-0.25747084617614746
0.3992542028427124
0.0829053744673729
-0.5560130476951599
-0.18322022259235382
0.02158728800714016
0.8315101265907288
-0.09326950460672379
-0.6184903383255005
-0.03482774645090103
0.14887788891792297
0.1738440990447998
-0.0019200568785890937
0.04105763882398605
0.0019432908156886697
0.3006865978240967
0.558127224445343
0.10768865793943405
-1.0644162893295288
-0.07921452820301056
-0.17760495841503143
0.6209514737129211
0.6417699456214905
-0.5026941895484924
0.14980359375476837
-0.07975053042173386
0.342427134513855
0.06158722937107086
-0.3905128240585327
0.11415866762399673
0.2759108543395996
0.30741173028945923
0.21898908913135529
-0.5572431683540344
-0.22203020751476288
0.39371922612190247
-0.04151521250605583
-0.23457008600234985
-0.6056584119796753
-0.12617342174053192
-0.479746550321579
-0.04002739116549492
-0.3127971589565277
0.3539264500141144
0.2707362174987793
-0.4202285706996918
0.7668198943138123
0.14579413831233978
0.38976046442985535
-0.17388679087162018
-0.1423741728067398
0.12374135851860046
0.4170708954334259
0.03075956553220749
0.16694577038288116
-0.2816440761089325
0.017634088173508644
-0.49187061190605164
0.16929280757904053
-0.21122558414936066
5.699920584447682E-4
-0.08215776830911636
-0.4196435213088989
0.09659835696220398
0.04763023182749748
0.22167114913463593
0.8699448704719543
-0.09201973676681519
0.1594954878091812
0.584786593914032
-0.6961989402770996
-0.19674594700336456
-0.5005809664726257
-0.15661552548408508
0.5297953486442566
0.06548971682786942
-0.9602124691009521
0.23012548685073853
-0.3403245508670807
-0.4264734983444214
0.13922668993473053
-0.06026250496506691
0.3010896146297455
0.23240113258361816
-0.22183354198932648
-0.223930224776268
-0.37656745314598083
0.5472524762153625
0.2485288828611374
-0.16198241710662842
0.4092188775539398
-0.19748859107494354
-0.2268492579460144
0.19821138679981232
0.058808401226997375
-0.0553034283220768
-0.17333771288394928
-0.02999141812324524
-0.7198464870452881
-0.5467783808708191
-0.10026203840970993
-0.11857596039772034
0.08384115248918533
-0.07952221482992172
-0.30556437373161316
0.1838262528181076
-0.03303417190909386
0.5130696892738342
-0.31353136897087097
-0.04403442144393921
-0.09200352430343628
-0.02011806145310402
0.5447530150413513
0.25130099058151245
-0.08437617868185043
0.207813560962677
0.3205963671207428
b
0.0
0.0
0.0
0.0
0.0
0.0
0.0
0.0
0.0
0.0
0.0
0.0
0.0
0.0
0.0
0.0
0.0
